20211106|150148|1
20211112|193053|1
20211112|193053|1
20211112|193053|1
20211112|193627|1
20211112|193627|1
20211112|193627|1
20211112|194215|1
20211112|194215|1
20211112|194215|1
20211112|194336|1
20211112|194336|1
20211112|194336|1
20211112|194428|1
20211112|194428|1
20211112|194428|1
20211112|194900|1
20211112|194900|1
20211112|194900|1
20211112|195127|1
20211112|195127|1
20211112|195127|1
20211112|195323|1
20211112|195323|1
20211112|195323|1
20211112|195358|1
20211112|195358|1
20211112|195358|1
20211113|130456|1
20211118|085444|1
20211118|085903|1
